--------------------------------------------------
LinearSVC

Validation set
Validation F1 Macro: 0.4128644012288145
Validation F1 Micro: 0.7707779447462721
Validation Classification Report
              precision    recall  f1-score   support

           0       0.60      0.21      0.32      1235
           1       0.60      0.37      0.46       239
           2       0.55      0.33      0.41       104
           3       0.95      0.93      0.94      4585
           4       0.68      0.13      0.22        97
           5       0.87      0.85      0.86      4336
           6       0.33      0.01      0.02       197
           7       0.63      0.27      0.38       285
           8       0.77      0.39      0.52       105
           9       0.67      0.03      0.07       402
          10       0.61      0.13      0.22        82
          11       0.62      0.19      0.30        93
          12       0.68      0.64      0.66      2347

   micro avg       0.84      0.71      0.77     14107
   macro avg       0.66      0.35      0.41     14107
weighted avg       0.81      0.71      0.74     14107
 samples avg       0.88      0.79      0.80     14107


training time: 10.53221082687378
inference time: 0.2644166946411133
Test set
Test F1 Macro: 0.405197406542662
Test F1 Micro: 0.7718218872567869
Test Classification Report
              precision    recall  f1-score   support

           0       0.60      0.20      0.30      1230
           1       0.69      0.44      0.54       232
           2       0.70      0.42      0.52       117
           3       0.95      0.92      0.93      4530
           4       0.53      0.10      0.17        80
           5       0.88      0.86      0.87      4412
           6       0.88      0.03      0.06       232
           7       0.61      0.28      0.38       294
           8       0.72      0.32      0.44        97
           9       0.72      0.03      0.07       377
          10       0.54      0.07      0.12        99
          11       0.41      0.13      0.20        98
          12       0.67      0.65      0.66      2343

   micro avg       0.85      0.71      0.77     14141
   macro avg       0.68      0.34      0.41     14141
weighted avg       0.82      0.71      0.74     14141
 samples avg       0.88      0.79      0.80     14141

training time: 10.53221082687378

